>>  A=[1 5 3 5 7;
1/5 1 1/3 1/3 5;
1/3 3 1 3 5;
1/5 3 1/3 1 3;
1/7 1/5 1/5 1/3 1]

A =

    1.0000    5.0000    3.0000    5.0000    7.0000
    0.2000    1.0000    0.3333    0.3333    5.0000
    0.3333    3.0000    1.0000    3.0000    5.0000
    0.2000    3.0000    0.3333    1.0000    3.0000
    0.1429    0.2000    0.2000    0.3333    1.0000

>> [U V]=eig(A);
>> lambda=V(1);
>> n=size(A,1);RI=1.12;
>> CI=(lambda-n)/(n-1);
>> Result=CI/RI

Result =

    0.0938

>> w=U(:,1);
>> w=w'/sum(w);
>> disp(w)
    0.4886    0.0968    0.2398    0.1338    0.0411
