>> 83+90+82+89+85+92+85+50+90

ans =

   746

>> 83+90+80+83+50+75+50+50+82

ans =

   643

>> 83+90+50+89+87+50+77+50+88

ans =

   664

>> 83+90+81+89+89+50+88+50+87

ans =

   707

>> 85+90+89+89+91+88+94+90+94

ans =

   810

>> 85+90+87+50+50+80+50+78+80

ans =

   650

>> 85+90+76+50+50+50+78+85+80

ans =

   644

>> 85+90+87+87+86+87+82+81+86

ans =

   771

>> 85+90+84+66+50+86+80+80+80

ans =

   701

>> 85+90+90+89+89+92+91+94+89

ans =

   809

>> 50+88+50+85+80+80+89+70+83

ans =

   675

>> 50+88+50+85+85+80+89+70+83

ans =

   680

>> 85+88+50+85+80+80+89+70+83

ans =

   710

>> 80+88+50+85+80+80+89+70+83

ans =

   705

>> 63+80+50+50+86+85+85+88+85

ans =

   672

>> 50+80+50+50+50+90+50+85

ans =

   505

>> 74+80+82+90+78+82+81+81+85

ans =

   733

>> 50+80+82+80+50+74+50+50+85

ans =

   601

>> 50+80+80+50+75+77+78+88+85

ans =

   663

>> 78+80+92+50+89+92+90+90+78+85

ans =

   824

>> 78+80+92+50+89+92+90+78+85

ans =

   734

>> 70+60+93+87+90+91+83+94+80

ans =

   748

>> 70+60+84+50+58+82+80+79+80

ans =

   643

>> 70+60+87+88+92+92+89+50+80

ans =

   708

>> 85+80+90+90+90+87+90+89+92+90

ans =

   883

>> 85+80+90+90+87+90+89+92+90

ans =

   793

>> 70+60+73+50+82+85+88+87+90

ans =

   685

>> 70+60+75+50+50+83+80+80+80

ans =

   628

>> 90+80+83+76+82+50+77+84+80

ans =

   702

>> 92+80+88+94+84+88+93+93+90

ans =

   802

>> 92+80+84+88+81+85+85+84+85

ans =

   764

>> 77+80+50+75+78+77+87+78+80

ans =

   682

>> 92+80+78+89+80+89+87+88+82

ans =

   765

>> 92+80+82+89+86+86+86+74+85

ans =

   760

>> 90+92+91+90+93+90+90+88+89

ans =

   813

>> 90+92+84+90+93+90+90+89+86

ans =

   804

>> 90+92+86+90+93+90+90+90+91

ans =

   812

>> 90+92+91+90+93+90+90+86+91

ans =

   813

>> 90+92+84+90+93+90+90+82+83

ans =

   794

>> 90+92+86+90+93+90+85+81+80

ans =

   787

>> 80+80+80+50+93+50+50+85+70

ans =

   638

>> 50+80+80+80+80+50+50+82+70

ans =

   622

>> 76+80+80+92+91+50+90+80+70

ans =

   709

>> 50+80+80+50+50+79+50+89+70

ans =

   598

>> 50+80+80+50+50+50+50+50+70

ans =

   530

>> 50+80+80+83+85+80+79+64+70

ans =

   671

>> 47+70+60+70+70+82+80+77+50+70

ans =

   676

>> 47+70+60+70+82+80+77+50+70

ans =

   606

>> 50+70+60+70+82+80+77+50+70

ans =

   609

>> 50+70+60+50+50+80+50+50+70

ans =

   530

>> `69+70+60+78+77+80+78+50+80
 `69+70+60+78+77+80+78+50+80
 ↑
错误: 文本字符无效。请检查不受支持的符号、不可见的字符或非 ASCII 字符的粘贴。

>> 69+70+60+78+77+80+78+50+80

ans =

   642

>> 81+70+60+81+85+80+85+50+80

ans =

   672

>> 50+70+60+50+50+80+50+50+85

ans =

   545

>> syms a b;
c=[a b]';
A=[2.5976  0.2389 0.5410 0.8936 0.5506  0.0851 0.4007 0.6502  -0.4553   -0.9430];
B=cumsum(A);  %原始数据累加
n=length(A);
for i=1:(n-1)
    C(i)=(B(i)+B(i+1))/2; %生成累加矩阵
end
%计算待定参数的值
D=A;D(1)=[];
D=D';
E=[-C;ones(1,n-1)];
c=inv(E*E')*E*D;
c=c';
a=c(1);b=c(2);
%预测后续数据
F=[];F(1)=A(1);
for i=2:(n+10)  %只推测后10个数据，可以从此修改
    F(i)=(A(1)-b/a)/exp(a*(i-1))+b/a;
end
G=[];G(1)=A(1);
for i=2:(n+10)  %只推测后10个数据，可以从此修改
    G(i)=F(i)-F(i-1);  %得到预测出来的数据
end
t1=2007:2016;
t2=2007:2026;  %多10组数据
G
h=plot(t1,A,'o',t2,G,'-'); %原始数据与预测数据的比较
set(h,'LineWidth',1.5);

G =

  1 至 11 列

    2.5976    0.5419    0.4442    0.3641    0.2984    0.2446    0.2005    0.1644    0.1347    0.1104    0.0905

  12 至 20 列

    0.0742    0.0608    0.0498    0.0409    0.0335    0.0274    0.0225    0.0184    0.0151

>> syms a b;
c=[a b]';
A=[2.5976  0.2389 0.5410 0.8936 0.5506  0.0851 0.4007 0.6502  -0.4553   -0.9430];
B=cumsum(A);  %原始数据累加
n=length(A);
for i=1:(n-1)
    C(i)=(B(i)+B(i+1))/2; %生成累加矩阵
end
%计算待定参数的值
D=A;D(1)=[];
D=D';
E=[-C;ones(1,n-1)];
c=inv(E*E')*E*D;
c=c';
a=c(1);b=c(2);
%预测后续数据
F=[];F(1)=A(1);
for i=2:(n+10)  %只推测后10个数据，可以从此修改
    F(i)=(A(1)-b/a)/exp(a*(i-1))+b/a;
end
G=[];G(1)=A(1);
for i=2:(n+10)  %只推测后10个数据，可以从此修改
    G(i)=F(i)-F(i-1);  %得到预测出来的数据
end
t1=2007:2016;
t2=2007:2026;  %多10组数据
G
h=plot(t1,A,'o',t2,G,'-'); %原始数据与预测数据的比较
set(h,'LineWidth',1.5);

G =

  1 至 11 列

    2.5976    0.5419    0.4442    0.3641    0.2984    0.2446    0.2005    0.1644    0.1347    0.1104    0.0905

  12 至 20 列

    0.0742    0.0608    0.0498    0.0409    0.0335    0.0274    0.0225    0.0184    0.0151

>> syms a b;
c=[a b]';
A=[2.5976  0.2389 0.5410 0.8936 0.5506  0.0851 0.4007 0.6502  -0.4553   -0.9430];
B=cumsum(A);  %原始数据累加
n=length(A);
for i=1:(n-1)
    C(i)=(B(i)+B(i+1))/2; %生成累加矩阵
end
%计算待定参数的值
D=A;D(1)=[];
D=D';
E=[-C;ones(1,n-1)];
c=inv(E*E')*E*D;
c=c';
a=c(1);b=c(2);
%预测后续数据
F=[];F(1)=A(1);
for i=2:(n+10)  %只推测后10个数据，可以从此修改
    F(i)=(A(1)-b/a)/exp(a*(i-1))+b/a;
end
G=[];G(1)=A(1);
for i=2:(n+10)  %只推测后10个数据，可以从此修改
    G(i)=F(i)-F(i-1);  %得到预测出来的数据
end
t1=2007:2016;
t2=2007:2026;  %多10组数据
G
h=plot(t1,A,'o',t2,G,'-'); %原始数据与预测数据的比较
set(h,'LineWidth',1.5);

G =

  1 至 11 列

    2.5976    0.5419    0.4442    0.3641    0.2984    0.2446    0.2005    0.1644    0.1347    0.1104    0.0905

  12 至 20 列

    0.0742    0.0608    0.0498    0.0409    0.0335    0.0274    0.0225    0.0184    0.0151

>> syms a b;
c=[a b]';
A=[2.5976  0.2389 0.5410 0.8936 0.5506  0.0851 0.4007 0.6502  -0.4553   -0.9430];
B=cumsum(A);  %原始数据累加
n=length(A);
for i=1:(n-1)
    C(i)=(B(i)+B(i+1))/2; %生成累加矩阵
end
%计算待定参数的值
D=A;D(1)=[];
D=D';
E=[-C;ones(1,n-1)];
c=inv(E*E')*E*D;
c=c';
a=c(1);b=c(2);
%预测后续数据
F=[];F(1)=A(1);
for i=2:(n+10)  %只推测后10个数据，可以从此修改
    F(i)=(A(1)-b/a)/exp(a*(i-1))+b/a;
end
G=[];G(1)=A(1);
for i=2:(n+10)  %只推测后10个数据，可以从此修改
    G(i)=F(i)-F(i-1);  %得到预测出来的数据
end
t1=2007:2016;
t2=2007:2026;  %多10组数据
G
h=plot(t1,A,'o',t2,G,'-'); %原始数据与预测数据的比较
set(h,'LineWidth',1.5)

G =

  1 至 11 列

    2.5976    0.5419    0.4442    0.3641    0.2984    0.2446    0.2005    0.1644    0.1347    0.1104    0.0905

  12 至 20 列

    0.0742    0.0608    0.0498    0.0409    0.0335    0.0274    0.0225    0.0184    0.0151

>> syms a b;
c=[a b]';
A=[-0.3998 -0.5244 -0.6674 -0.6744 -0.8552 -0.6638 -0.3846 -0.6300 -0.3121 -0.5973 ];
B=cumsum(A);  %原始数据累加
n=length(A);
for i=1:(n-1)
    C(i)=(B(i)+B(i+1))/2; %生成累加矩阵
end
%计算待定参数的值
D=A;D(1)=[];
D=D';
E=[-C;ones(1,n-1)];
c=inv(E*E')*E*D;
c=c';
a=c(1);b=c(2);
%预测后续数据
F=[];F(1)=A(1);
for i=2:(n+10)  %只推测后10个数据，可以从此修改
    F(i)=(A(1)-b/a)/exp(a*(i-1))+b/a;
end
G=[];G(1)=A(1);
for i=2:(n+10)  %只推测后10个数据，可以从此修改
    G(i)=F(i)-F(i-1);  %得到预测出来的数据
end
t1=2007:2016;
t2=2007:2026;  %多10组数据
G
h=plot(t1,A,'o',t2,G,'-'); %原始数据与预测数据的比较
set(h,'LineWidth',1.5);

